16
1 6 0 0 2 0 4 7 8 12 0 0 0 14 15 16 
0 13 7 0 1 5 0 8 2 15 14 16 9 10 11 0 
15 0 0 0 0 0 12 14 1 0 0 13 2 4 7 0 
0 0 11 14 0 13 0 0 0 6 7 0 1 5 0 0 
2 1 3 4 0 7 16 0 6 0 0 14 11 13 0 15 
5 0 0 10 0 1 9 0 11 13 3 2 0 0 16 14 
0 0 0 0 0 0 0 13 0 0 16 15 5 0 9 4 
9 0 16 0 0 8 0 10 5 0 12 4 0 0 6 2 
0 4 0 7 0 9 0 0 12 0 8 6 14 15 2 0 
6 5 0 0 7 16 10 15 3 14 0 0 0 0 0 13 
0 0 13 15 4 0 8 1 9 0 0 0 16 0 3 0 
14 16 0 0 6 12 0 0 15 0 13 0 0 0 4 1 
7 0 4 1 0 15 0 6 16 0 0 0 10 0 5 9 
0 3 15 6 12 2 0 5 7 9 1 10 0 0 14 0 
16 10 12 8 14 4 7 9 0 0 0 0 0 0 0 0 
0 0 0 2 16 10 1 3 14 4 15 8 6 12 13 0 
